-85951093
-242196495
190669018
807879307
-206736420
-270783491
656170635
56356260
299186402
-642717169
825876434
804186671
-401086645
910519167
-117864637
234523585
654509260
-731637783
-915371570
-701662935
-528347119
-96944355
-415650800
-629126158
-206560441
-781744525
955380804
-155630825
749564459
470623452
817634649
-750161013
-948163012
-560812524
-320144010
472456410
587361948
-799102668
-616432785
-861387672
-512778995
-682592456
-907602777
-350528061
-14133053
-465374200
-509243989
-990671487
-147668510
-880800957
-853599356
78781813
-481168351
-955984745
673755289
629149618
225602992
508977694
-523796125
721871267
241685320
-651702620
-438783409
-223974778
-343859896
326916693
788411067
-412829683
56716063
164323171
-912260238
-923761415
644397000
-26727347
-150859887
-94995742
-97579645
-576903285
-691994225
-705543256
-948743349
609356670
-686813143
544612384
542171451
-291758442
-991228436
-470920663
-80334035
335183245
676097206
-322854381
355037439
175590263
-675842430
-954024662
-749803889
-918741686
709393734
946704831
-687797698
-894850135
-727917595
-544503894
470452048
-763347746
-201136684
-737283474
19835170
-430027052
-584126100
672657632
-206191838
311206864
-454774277
230701897
-165327961
-665241225
-762332883
378092628
981102860
-837224286
204275914
735140256
835237395
-247002696
-174584919
427501282
800540316
899673349
-890453215
819931339
204373554
-877670743
975447252
-645511264
-735751606
143499952
-261441331
477064163
-144718578
-839071145
-528855141
160174234
185058678
-374666641
841613570
-305179767
-366873235
-735389138
846857569
409748284
-860853987
984593430
-843090773
673983283
-987317499
694952014
170472952
204368509
746664288
803029882
553181655
482583239
-729780153
693566443
961679722
191155238
-670222510
1005681
154681657
-876844678
-594908786
496247191
80699148
-511652945
250005827
-675426904
-343272477
-713520507
-428050487
534273033
-60918573
971825307
25960234
-234033983
-790943488
-419200445
-174173136
-777771967
-257297857
-854342034
83295787
-574638623
571986692
-649110506
400653430
-753681706
198651477
69010084
780016438
575500714
-687093699
235058553
735929638
-121187144
-333807687
-986755086
-496228268
-818631907
730260751
263081045
-57641062
-51418495
-757815260
926850264
-976258776
444941310
39538189
285985703
-357703489
630528689
699982810
36371225
-642577242
-190565363
-665976388
89070416
646743084
31080376
-305887424
-514991456
738049225
-372051334
-485400730
-638091056
-864721345
-182853683
213604242
943282300
39161546
-109329709
-885434625
-442906033
-729692374
-439433396
-340346959
-846667029
575461775
708848445
334273521
254015004
333697000
-372697946
-934544416
399428857
-594566899
561746761
-391515648
35573443
264963877
487044965
-817676128
495378737
-693207086
-41694826
324389449
-883077787
-258905465
901041114
-356090381
842444465
519244757
977616336
-283603475
863078059
-749224948
-560497201
582655874
30028965
387785219
-384044984
561837780
-837149922
-910460127
-341908878
-964859299
412496844
-262330744
580193634
-972128206
74228166
646571427
354910015
-132839936
-417058147
764175894
502341974
675916705
-663576512
174163396
852499300
-348371053
-347436234
696808215
-352254518
-726271705
208690241
834256726
-710772594
275920776
-825269056
-516365968
-426477790
245229425
493727508
-306699888
581000999
635454883
246620155
845708368
-362087080
-300493997
-398043092
826933784
969343227
-496066351
898181394
-189910548
524016703
602735087
625549723
-736635496
-855302544
-728061672
-987964713
-504560338
-872385656
220568153
-42229057
57663099
-957172575
-425067752
-210025840
741647934
-924157808
224759207
940492028
906345364
660837549
739252653
55642369
841929073
-186449056
-516847435
-661692826
809632592
156263036
-686260843
688868540
726577905
220918053
558982467
796149800
853508682
-6683063
583079292
926813025
992681062
-373872220
505838791
83488385
-6467504
516587563
-665920684
847145172
-665425388
439280952
-865256994
730110262
63343949
-419979795
90131142
82119357
544593075
645737036
-78115245
-794328255
177533701
-592401649
172030894
-852776457
466673236
945250160
143575600
-172967069
12181785
1501564
-727666184
631254967
988271017
-487646368
-749627206
-885802247
-231723590
836230526
-84581939
-558442446
-79789949
-180566636
334900364
718935489
120287875
-804239450
667515570
-752966164
401695608
11434859
887795041
962560823
580980940
-931719701
-700401533
-963083628
-633461958
515399571
-93137378
271560254
290676526
131379280
-381214395
-577395230
-951164172
303196383
-177522594
-679496330
-52035804
540843466
305994235
-295510285
-316075053
-503457399
-247223237
-665328430
-235046453
304717095
-113941048
-146871521
-990308657
640174605
796264177
683810965
-643507341
-79182256
753970401
-479266807
448222198
665616933
807314261
-119469107
-776004817
-336483259
-197408892
837018076
-490924031
513156854
812117860
-736593299
341876028
-653480727
-762579127
-677014360
-671783368
234476768
988505381
215317232
-226277805
723716264
-219309607
-432059155
-142106874
-329347507
-503519139
964652553
-600422058
273842966
-735911244
-408389978
209702672
858379364
-701275367
-810394505
-128042008
-751817438
-560431759
825448880
380748001
-901393251
-389966656
-149735617
802089901
-857001948
-536226631
288244912
977114642
-697263518
86705300
-683824888
267725163
-103664092
751623441
928360792
-453376353
774318207
-420014128
-631759504
493017953
615566807
283983399
562952038
-728331533
-13210567
521723818
955524560
-945608992
110766869
-263281645
-351793898
-275121437
-496112464
990106651
-139779399
165403675
-69893551
97901646
-134753294
-402524118
-845848252
-498236722
731138005
633636574
-562534548
434771909
74325954
808714107
591304582
531061884
-800861966
-69899110
-830434713
-970114165
-345219673
447727742
-475097577
646236802
-64757840
192814510
711888488
-130906953
-273191376
124173859
-32736788
751807619
899512163
-671740220
336230474
355904807
-411824325
-259807374
-622290173
910857343
511348209
638602734
-613313272
997669967
-105617003
-736456558
-497826088
-438236921
-903707266
-598345144
-660145966
-683256893
-206842433
-664112664
-397693106
490911688
-156879741
219208696
-83436954
-272367046
-880786944
-303638025
497741848
955825590
-266539537
986430766
925374668
428044909
580229284
-569551331
-32022117
-106128623
-919280357
-164337951
780211702
402608647
-744547795
-321176573
-229483541
717535638
-526791590
-43497048
477951018
-873496345
451844684
-599949960
909767041
-426626393
191731192
714949814
-116235676
65682834
732293343
695893103
-434827795
-797640094
385520495
855997577
-729173876
781526762
301023954
-92065446
-157212979
246466523
594141599
412976673
-92232235
467633871
-746568814
-532504107
-289061649
-776494000
-892670549
-798314479
9976521
926216576
264645066
732673117
-243785248
-60461508
-22600260
-258471216
-748634809
-648287551
-329697405
-188099065
309003437
73478235
-276075730
621197274
509662487
-230565502
-378421514
-991535475
-497572736
-837113352
232781649
377476178
-407306508
-650748237
-28677630
-814195110
484088565
482479431
-608463429
-77986956
-489902120
-676204915
-24992790
-634370986
-371474240
-331614211
967932621
-562103876
360584174
-945022716
316093378
-886444452
-584574618
-235827676
-466981430
-496562268
-225635950
-385220674
255441390
-312717328
486668568
-411260763
-272138547
-127688761
897076986
979703174
-837568990
707240647
476814793
199967231
-412708850
-107539522
402622075
299231513
-18524205
-840919774
-113262256
-101898315
-942192632
-579737144
58321562
406537611
359703851
486741723
-708134105
176149839
-263873821
821389234
459027385
267021433
-226543562
680250988
188297047
-737023487
107952876
488064084
-64548950
-471469134
-849781501
52997857
820553306
-381404658
86960404
-276061925
885135899
-562886943
-441338020
249817276
500066032
22261827
-174921525
343007115
606191545
-635753536
-999707386
-8015608
670707849
-697498778
-468833691
877523270
-898423658
204907635
-237037654
-536511007
-591232870
665754436
-267585501
-900214289
977355521
-751584822
719650410
253183819
-487256524
-574524389
-582650226
960500384
81097404
-834322229
-827596153
-137307758
-857249765
-241152708
-337688014
-685020510
769354877
-204780917
219874902
486903455
-36227859
934833435
850908162
73283537
-676732381
-964060886
-240162900
188093
-596392821
-440417898
-969215627
-97134577
-860990350
132339388
676218440
438402212
-883427326
639591761
672173666
-407689662
-388963269
495797689
-927264729
-678181912
252937746
167176795
887074527
392944215
-172810709
-183136721
233695384
664828931
567204977
786514102
224251168
677437699
-217906330
-945829933
-97977478
-720655631
251580797
-310521914
357344483
532337194
-425534641
-970685040
541080503
203521879
903085780
-129767992
-223582403
82848926
-959662809
-100368039
559837220
-487303613
-621356600
514578403
554045424
-314216065
-938142393
-310761093
-851425281
-119311922
791341546
-306448720
701305958
711525916
314871584
402661086
378024825
-205384750
898666280
-33690951
-430119379
725344386
-37964725
-299269020
98911603
421419451
522417826
-989318167
694441317
122856736
650484618
344718957
518710205
299246821
-113854799
-1970466
984560703
-198881903
-795133739
-340499530
-831233866
544608961
15450177
-251852093
-166103230
876178884
-782803317
287187221
406667050
-83000708
-460602863
41869825
-148685370
-717738733
63201319
-726347127
539649164
820167139
-294627748
-484803237
870524716
-523078699
253351575
807129361
263319265
-745629847
576488148
-509755541
103275916
104306651
4581858
476476951
-383871890
428516340
-780467032
484788219
-699719599
971333069
70922552
129481893
-846256094
309152937
534119775
-693710622
-258659443
-235106211
586666026
498049499
-754072558
-136349413
577587056
-792280971
-872094618
-33401728
-677157576
-790510842
-924843979
4906988
-381157901
179839807
562226695
923960579
-49231149
-465507820
-805653005
-699482456
403008252
-717407717
541456786
843999181
819311363
246471697
621601422
-312418991
878303280
505116450
-330680301
868220224
691034967
-906093970
505695844
-941985534
306523063
-103087007
-624853354
406341271
778815303
292207999
556426118
159912436
-512551136
536978925
-432833560
339251105
509124824
-564452925
985928315
802801047
-806934256
-995845712
848585905
904738437
33813843
-839407141
-251680174
626310874
227462376
-397298542
916998581
-643999978
387115044
-700545862
-146603659
664739877
942312603
572889922
161839266
-794166166
-979737041
151624158
623036145