17844
14704
1729
14408
1136
13854
11462
14439
2120
18937
14511
11046
5210
11468
12368
3169
6755
16319
5094
18511
6955
18519
18922
16379
5950
1628
12186
4329
18367
4251
2597
1871
967
11754
17802
126
12062
16589
14906
11035
7683
5707
415
14330
4555
2660
10991
15478
8385
11506
9626
15392
2612
5389
16249
8732
17389
5982
13908
8855
3270
9528
15900
9451
1495
10287
3056
2259
10499
17627
7109
1994
9711
7934
14485
5881
15553
14770
19158
11490
12706
10953
15833
12335
4328
3709
18803
18253
245
2673
17807
2434
6355
4601
1075
16539
9163
7253
15739
9361
